0 13
0 23
0 27
0 38
0 40
0 42
1 17
1 25
1 28
1 30
1 32
1 48
2 7
2 8
2 17
2 29
2 37
2 39
2 48
3 23
3 25
3 27
3 28
3 30
3 32
3 38
3 42
4 6
4 12
4 14
4 21
4 29
4 36
5 10
5 20
5 24
5 31
5 34
5 41
6 12
6 14
6 15
6 21
6 35
6 36
6 46
7 8
7 29
7 31
7 37
7 39
7 48
8 29
8 31
8 37
8 39
8 48
9 31
9 33
9 35
9 37
9 39
9 44
10 20
10 24
10 34
10 41
10 48
11 15
11 18
11 19
11 43
11 45
11 46
11 47
12 13
12 14
12 21
12 29
12 40
13 21
13 23
13 27
13 40
14 15
14 29
14 35
14 36
14 46
15 21
15 36
15 46
16 25
16 30
16 32
16 38
16 42
16 49
17 25
17 28
17 30
17 48
18 19
18 21
18 22
18 26
18 43
18 45
19 22
19 26
19 43
19 45
19 47
20 24
20 34
20 41
20 48
21 40
22 26
22 43
22 45
22 47
23 25
23 27
23 40
23 42
24 34
24 41
24 48
25 27
25 28
25 30
25 32
25 38
25 42
25 49
26 43
26 45
26 47
27 30
27 38
27 40
27 42
28 30
28 32
28 48
29 35
29 37
29 39
30 32
30 42
30 49
31 33
31 34
31 37
31 39
31 44
32 38
32 49
33 35
33 36
33 37
33 44
34 37
34 41
35 36
35 44
36 46
37 39
37 44
38 42
38 49
39 44
39 48
40 42
41 48
42 49
43 45
43 46
43 47
45 47
