5 34
3 25
22 47
18 19
45 47
13 40
8 39
6 14
3 27
10 20
22 45
6 36
37 39
23 27
7 8
19 26
18 26
25 27
11 43
4 12
4 14
27 42
7 39
3 42
14 36
24 41
23 40
8 37
16 32
2 48
16 49
31 37
4 6
7 29
23 42
12 40
38 42
1 28
25 42
33 44
12 13
15 36
6 15
25 30
43 45
32 49
13 23
30 32
23 25
17 28
12 21
0 13
28 30
7 37
38 49
4 21
2 8
2 17
43 47
13 21
15 21
11 15
2 7
12 14
15 46
17 48
35 36
0 42
22 43
10 41
14 29
35 44
20 41
12 23
4 15
13 42
25 38
11 19
19 22
19 43
36 46
8 31
18 21
32 38
14 35
11 46
12 29
0 38
11 18
11 21
22 26
25 32
9 44
8 48
9 33
25 28
1 17
1 30
20 24
16 30
17 25
5 24
29 37
2 29
43 46
0 21
24 34
0 18
9 31
0 26
29 35
33 35
23 29
17 23
35 46
31 44
37 44
5 31
31 34
1 48
17 29
35 37
20 48
31 48
5 20
0 49
10 48
1 16
46 47
5 48
1 10
9 34
33 46
26 49
10 16
